        Offsets:
-M_x:-0.9838904164684757
-B_x:-0.0010117117044968625

-M_y:-0.98162129827053
-B_y:-0.0010117117044968625

-M_z:-0.9636070642655911
-B_z:0.019967832698405238