x: -2.4516641221374047
y: 0.6235267175572519
z: -0.06480916030534348
